1.97 5.76 -18.61
3.56 14.73 -28.72
6.44 22.35 -39.88
7.74 26.35 -50.34
8.57 29.11 -68.11
8.76 29.86 -87.92
8.77 30.13 -106.89
8.64 29.97 -123.84
8.74 30.58 -143.75
8.61 30.41 -159.81
8.62 30.66 -177.68
8.56 30.61 -193.52
8.43 30.30 -206.91
8.62 31.15 -228.19
9.01 32.78 -256.56
9.07 33.21 -276.61
9.01 33.21 -292.85
8.76 32.56 -302.35
9.00 33.71 -328.43
9.11 34.39 -350.78
8.95 34.08 -362.64
8.67 33.28 -368.21
9.21 35.64 -409.27
9.22 35.96 -428.17
9.21 36.25 -446.55
8.94 35.47 -450.97
9.14 36.55 -478.92
9.24 37.29 -502.86
9.29 37.77 -523.64
9.34 38.15 -543.47
9.24 37.96 -554.77
9.38 38.88 -581.84
9.39 39.25 -601.17
9.00 37.96 -594.01
9.18 38.94 -622.12
9.36 39.95 -651.12
9.41 40.53 -672.09
9.29 40.35 -679.77
9.32 40.79 -698.92
9.29 40.98 -714.42
9.19 40.82 -723.60
9.41 42.08 -757.87
9.10 40.94 -748.52
9.06 41.02 -760.96
9.30 42.36 -797.33
9.65 44.22 -844.41
9.67 44.60 -863.69
9.62 44.61 -875.81
9.46 44.16 -878.34
9.72 45.66 -919.93
9.74 46.04 -939.16
9.69 46.09 -951.60
9.74 46.61 -973.54
9.81 47.28 -998.66
9.82 48.08 -1016.64
