-0.91 -0.12 1.87
-0.78 -0.02 2.63
-0.62 0.15 3.39
-0.64 0.23 4.21
-0.58 0.26 5.10
-0.53 0.33 6.66
-0.44 0.41 8.37
-0.34 0.47 10.34
-0.27 0.53 12.47
-0.21 0.60 14.89
-0.12 0.70 17.11
-0.05 0.81 18.95
0.03 0.88 20.67
0.11 0.94 22.65
0.19 0.99 24.67
0.43 0.97 26.78
0.32 0.88 29.52
0.37 0.88 32.60
0.45 0.95 36.31
0.57 1.02 38.94
0.72 0.88 41.80
0.27 3.44 41.08
-0.13 5.65 42.24
-0.17 5.49 44.64
-0.67 4.67 47.52
-1.15 7.01 48.17
-0.72 2.81 53.82
-1.30 1.40 55.68
-1.02 1.22 57.12
-0.98 1.12 58.61
-0.81 1.28 60.43
-1.31 1.68 61.44
-1.52 1.67 62.51
-1.42 1.74 62.53
